   0.00000000       0.00000000       0.00000000       0.00000000    
  0.523598790      0.577350318      0.523598790      0.523598790    
   1.04719758       1.73205090       1.04719758       1.04719758    
   1.57079637      -22877334.0      -1.57079625       1.57079649    
   2.09439516      -1.73205054      -1.04719746       2.09439516    
   2.61799407     -0.577350020     -0.523598611       2.61799407    
   3.14159274       8.74227766E-08   8.74227766E-08   3.14159274    
   3.66519165      0.577350557      0.523598969       3.66519165    
   4.18879032       1.73205125       1.04719770       4.18879032    
   4.71238899      -83858280.0      -1.57079637       4.71238899    
   5.23598814      -1.73204923      -1.04719710       5.23598862    
   5.75958681     -0.577349901     -0.523598492       5.75958681    
