   0.00000000               1
   0.00000000               1
   0.00000000               1
   0.00000000               1
   0.00000000               1
   0.00000000               1
   0.00000000               1
   0.00000000               1
   0.00000000               1
  0.117796361               3
  0.148352623               3
   9.54720974E-02           3
   0.00000000               1
   9.54718590E-02           3
  0.148352623               3
  0.117796421               3
   0.00000000               1
  0.476305425               4
  0.450183749               4
  0.253564596               3
   0.00000000               1
  0.253564596               3
  0.450183392               4
  0.476305485               4
   0.00000000               1
  0.848324001               5
  0.667543292               5
  0.354801178               4
   0.00000000               1
  0.354801416               4
  0.667543411               5
  0.848324299               5
